1616837	368715
1704693	387853
1738554	395119
1756894	398944
1768763	401419
1776566	403041
1782706	404280
1787202	405181
1791249	405952
1794208	406564
1796690	407024
1798742	407421
1800507 407761
1802132	408077
1803619	408343
1804949	408597
1806096	408824
1807093	409024
1808003	409201
1808815	409370
1809524	409522
1810161	409668
1810978	409804
1811714	409916
1812294	410028
1812774	410123
1813201	410201
1813682	410278
1814159	410370
1814650	410444
1815014	410517
1815397	410572
1815729	410640
1816087	410693
1816294	410755
1816563	410807
1816853	410864
1817135	410908
1817551	410962
1817721	410994
1817959	411041
1818191	411072
1818419	411116
1818647	411154
1818881	411204
1819103	411247
1819242	411283
1819490	411313
1819607	411345
1819800	411364
1819942	411391
1820082	411420
1820236	411454
1820426	411480
1820563	411500
1820691	411526
1820840	411542
1820985	411563
1821097	411591
1821186	411624
1821294	411646
1821467	411669
1821575	411688
1821656	411707
1821753	411721
1821917	411739
1821990	411754
1822053	411766
1822125	411788
1822252	411803
1822300	411814
1822427	411832
1822495	411845
1822581	411856
1822710	411870
1822826	411886
1822888	411898
1822958	411912
1823030	411922
1823095	411936
1823131	411944
1823156	411958
1823230	411975
1823277	411985
1823344	411995
1823401	412005
1823450	412020
1823504	412035
1823550	412045
1823582	412061
1823658	412077
1823708	412091
1823793	412111
1823839	412126
1823920	412143
1823951	412152
1824011	412164
1824082	412177
1824139	412187
1824168	412195
1824234	412204
1824269	412214
1824299	412221
1824361	412228
1824385	412232
1824406	412238
1824427	412249
1824450	412257
1824528	412270
1824563	412276
1824612	412282
1824666	412286
1824700	412292
1824719	412303
1824763	412306
1824787	412314
1824828	412321
1824869	412325
1824941	412334
1824961	412341
1825008	412347
1825058	412352
1825117	412355
1825122	412360
1825137	412362
1825185	412370
1825219	412375
1825239	412383
1825261	412389
1825274	412395
1825300	412405
1825313	412411
1825339	412419
1825349	412426
1825377	412430
1825398	412435
1825435	412443
1825480	412444
1825497	412448
1825517	412452
1825549	412456
1825580	412457
1825604	412460
1825613	412465
1825629	412469
1825650	412472
1825691	412478
1825726	412479
1825757	412482
1825828	412488
1825861	412494
1825896	412495
1825915	412499
1825941	412502
1825952	412503
1825958	412505
1825983	412507
1825990	412510
1826026	412518
1826045	412524
1826078	412527
1826123	412530
1826140	412533
1826155	412534
1826182	412535
1826198	412537
1826205	412541
1826264	412546
1826284	412549
1826326	412552
1826337	412553
1826368	412555
1826387	412559
1826398	412562
1826400	412563
1826437	412567
1826475	412571
1826503	412575
1826511	412580
1826529	412582
1826533	412583
1826547	412585
1826546	412589
1826555	412590
1826575	412592
1826618	412596
1826634	412597
1826640	412603
1826656	412604
1826666	412607
1826684	412607
1826703	412611
1826723	412615
1826733	412616
1826742	412619
1826758	412621
1826783	412626
1826810	412628
1826818	412632
1826872	412637
1826871	412639
1826889	412640
1826916	412646
1826933	412648
1826970	412653
1827010	412655
1827015	412658
1827045	412660
1827057	412662
1827085	412663
1827080	412664
1827108	412666
1827112	412669
1827144	412672
1827150	412672
1827160	412673
1827199	412673
1827205	412674
1827216	412678
1827221	412680
1827225	412682
1827235	412683
1827238	412685
1827243	412685
1827261	412687
1827262	412687
1827268	412690
1827318	412692
1827315	412697
1827327	412697
1827329	412697
1827336	412701
1827337	412703
1827351	412704
1827357	412705
1827366	412707
1827362	412708
1827374	412709
1827385	412711
1827391	412713
1827386	412713
1827390	412715
1827398	412718
1827410	412721
1827411	412722
1827419	412723
1827418	412725
1827418	412725
1827422	412729
1827439	412731
1827443	412735
1827464	412737
1827483	412738
1827487	412742
1827498	412742
1827520	412742
1827521	412744
1827534	412745
1827544	412746
1827565	412749
1827565	412749
1827567	412752
1827578	412754
1827579	412756
1827583	412757
1827583	412758
1827592	412759
1827600	412759
1827619	412759
1827632	412762
1827640	412762
1827657	412762
1827665	412763
1827676	412764
1827677	412764
1827692	412765
1827686	412766
1827693	412767
1827714	412769
1827717	412771
1827721	412771
1827720	412772
1827722	412773
1827740	412776
1827791	412777
1827804	412782
1827811	412784
1827815	412785
1827835	412787
1827837	412787
1827841	412788
1827844	412788
1827848	412790
1827849	412791
1827856	412793
1827856	412793
1827857	412793
1827881	412795
1827885	412796
1827887	412796
1827893	412797
1827891	412798
1827899	412799
1827925	412800
1827942	412801
1827946	412803
1827945	412803
1827945	412803
1827958	412806
1827965	412807
1827965	412808
1827982	412810
1827991	412810
1828010	412811
1828025	412812
1828022	412815
1828028	412817
1828035	412820
1828042	412821
1828062	412824
1828066	412824
1828063	412826
1828070	412827
1828071	412829
1828077	412832
1828078	412835
1828083	412835
1828083	412836
1828094	412839
1828114	412840
1828111	412840
1828116	412843
1828143	412843
1828142	412844
1828146	412845
1828163	412847
1828161	412847
1828164	412848
1828164	412848
1828167	412848
1828166	412849
1828191	412849
1828191	412850
1828217	412853
1828222	412855
1828225	412855
1828232	412856
1828262	412858
1828268 412859
1828279	412860
1828279	412860
1828280	412860
1828281	412861
1828290	412862
1828297	412864
1828305	412865
1828305	412865
1828318	412865
1828323	412865
1828323	412865
1828326	412866
1828325	412866
1828327	412868
1828328	412868
1828337	412868
1828340	412869
1828341	412869
1828341	412869
1828341	412870
1828339	412870
1828347	412871
1828353	412875
1828343	412875
1828350	412875
1828359	412877
1828366	412877
1828371	412877
1828369 412878
1828387	412879
1828388	412879
1828388	412879
1828392	412880
1828391	412882
1828391	412882
1828400	412883
1828397	412885
1828425	412889
1828433	412891
1828433	412891
1828433	412891
1828438	412891
1828438	412891
1828445	412892
1828439	412892
1828439	412892
1828439	412892
1828446	412893
1828451	412895
1828457	412896
1828463	412897
1828478	412897
1828478 412897
1828474	412898
1828473	412899
1828478	412902
1828499	412903
1828505	412904
1828504	412904
1828505	412905
1828514	412906
1828512	412906
1828512	412908
1828514	412908
1828517	412908
1828530	412908
1828530	412908
1828537	412908
1828545	412911
1828546	412912
1828547	412914
1828554	412915
1828557	412915
1828558	412915
1828558	412915
1828562	412915
1828557	412915
1828557	412915
1828560	412915
1828569	412916