10.3879
10.3897
10.3893
10.3903
10.3679
10.3553
10.3577
10.3727
10.3871
10.3755
10.3698
10.3624
10.3555
10.3527
10.3617
10.3673
10.3655
10.3581
10.3513
10.3524
10.3536
10.3415
10.3499
10.3415
10.3385
10.3336
10.3371
10.3364
10.3381
10.34
10.3422
10.3454
10.352
10.3568
10.3619
10.3616
10.3587
10.3538
10.3579
10.3577
10.3601
10.3548
10.3535
10.3607
10.364
10.3685
10.3715
10.3636
10.3535
10.352
10.3508
10.3469
10.3407
10.3363
10.3296
10.3316
10.3392
10.3553
10.3607
10.3624
10.359
10.3557
10.3513
10.3521
10.3627
10.368
10.3678
10.364
10.3571
10.3478
10.3446
10.3385
10.3322
10.3272
10.3307
10.3393
10.3426
10.3445
10.3461
10.3493
10.3524
10.3594
10.3614
10.3667
10.3687
10.369
10.3661
10.3622
10.3511
10.3402
10.3389
10.3438
10.3526
10.3564
10.3615
10.3623
10.3553
10.3549
10.3528
10.3513
10.3425
10.3423
10.3465
10.3522
10.3589
10.3666
10.365
10.3609
10.367
10.3673
10.3625
10.3565
10.3569
10.3608
10.3658
10.3656
10.3587
10.3444
10.3395
10.339
10.3418
10.347
10.3511
10.3513
10.3494
10.345
10.3466
10.3489
10.351
10.3621
10.3739
10.3764
10.3683
10.3549
10.3536
10.3659
10.3746
10.3727
10.3687
10.3674
10.3612
10.3681
10.3732
10.3801
10.3793
10.3704
10.3693
10.3611
10.344
10.2789
10.2269
10.246
10.2397
10.2229
10.2521
10.2682
10.2909
10.2808
10.244
10.2381
10.2578
10.2866
10.3039
10.3004
10.3091
10.3179
10.3168
10.3246
10.3352
10.3423
10.3489
10.3502
10.347
10.3449
10.3488
10.3485
10.3468
10.3488
10.356
10.3994
10.3788
10.3622
10.3503
10.3347
10.326
10.3253
10.3376
10.3426
10.3386
10.3252
10.2956
10.3083
10.319
10.3467
10.3332
10.2615
10.1942
10.1823
10.1573
10.1422
10.1363
10.1773
10.1922
10.1795
10.1748
10.1928
10.2069
10.2164
10.2422
10.2579
10.2707
10.2726
10.2726
10.2763
10.2817
10.2894
10.2926
10.2923
10.2892
10.2884
10.2933
10.2845
10.2878
10.2952
10.3003
10.2946
10.2972
10.3035
10.2993
10.3024
10.3012
10.3086
10.311
10.3152
10.3198
10.3237
10.318
10.3166
10.3186
10.316
10.3167
10.3207
10.3203
10.3196
10.3195
10.3241
10.3227
10.3202
10.3211
10.3281
10.3378
10.3401
10.3432
10.3619
10.3643
10.3627
10.3599
10.3596
10.3509
10.345
10.3304
10.3362
10.3328
10.3396
10.3434
10.344
10.3482
10.3535
10.3576
10.3557
10.3613
10.3605
10.3493
10.367
10.3223
10.2884
10.2886
10.3283
10.3375
10.3283
10.3049
10.3081
10.3219
10.3195
10.3228
10.329
10.3224
10.3216
10.3253
10.3264
10.3286
10.3283
10.3277
10.3252
10.3298
10.3294
10.3286
10.3306
10.3375
10.3374
10.3373
10.3425
10.346
10.3443
10.3476
10.3513
10.3544
10.3453
10.3436
10.3413
10.3392
10.338
10.3385
10.3356
10.3359
10.3377
10.3416
10.339
10.3363
10.3417
10.3405
10.3444
10.3484
10.3506
10.3454
10.3429
10.34
10.3439
10.3412
10.3419
10.3427
10.3433
10.3412
10.3402
10.3431
10.3467
10.3418
10.3372
10.3295
10.331
10.3372
10.3415
10.3441
10.3436
10.3486
10.3527
10.3562
10.3533
10.3394
10.3544
10.339
10.3191
10.2765
10.2534
10.2357
10.2439
10.2643
10.2919
10.2967
10.3061
10.3145
10.3192
10.3226
10.3175
10.3107
10.3042
10.3064
10.3113
10.3091
10.3132
10.3224
10.3289
10.3333
10.334
10.3333
10.3318
10.3356
10.3403
10.3418
10.3317
10.3313
10.3307
10.3161
10.3122
10.3097
10.3154
10.3243
10.326
10.3172
10.3145
10.3178
10.3311
10.3393
10.3321
10.3355
10.3443
10.3519
10.3551
10.3521
10.3534
10.3523
10.3504
10.3491
10.3424
10.348
10.3422
10.3392
10.343
10.3438
10.3304
10.3202
10.3245
10.3258
10.332
10.3331
10.3299
10.3322
10.3344
10.3413
10.3459
10.3498
10.3508
10.3475
10.3483
10.3474
10.3442
10.3475
10.3472
10.3455
10.3469
10.3493
10.3482
10.3514
10.3619
10.3628
10.3525
10.3387
10.3422
10.3493
10.3494
10.3433
10.3443
10.3515
10.3513
10.3511
10.3558
10.3565
10.3562
10.3564
10.3511
10.3489
10.3505
10.3454
10.3462
10.352
10.3556
10.3518
10.3538
10.359
10.3598
10.3595
10.3636
10.3637
10.3659
10.3636
10.3641
10.3612
10.364
10.3659
10.3696
10.3721
10.3701
10.3691
10.3682
10.3652
10.3629
10.3617
10.3619
10.3612
10.3621
10.3613
10.3647
10.3722
10.3769
10.3745
10.3709
10.3685
10.3688
10.3681
10.3695
10.3701
10.3698
10.3699
10.3708
10.375
10.3775
10.377
10.3784
10.3733
10.3692
10.3676
10.3672
10.3698
10.3733
10.3764
10.3754
10.37
10.3719
10.3675
10.3685
10.3688
10.3713
10.3705
10.3741
10.3775
10.3807
10.3817
10.3803
10.3843
10.386
10.3856
10.3911
10.3897
10.3997
10.387
10.3603
10.3497
10.3388
10.344
10.3528
10.3524
10.3566
10.3548
10.3565
10.3612
10.3661
10.3684
10.3685
10.3732
10.376
10.374
10.3733
10.3729
10.3734
10.3758
10.3708
10.3744
10.3789
10.3825
10.3852
10.3893
10.3908
10.39
10.391
10.3908
10.3916
10.3795
10.3685
10.3521
10.3495
10.3587
10.3631
10.3723
10.37
10.3618
10.3636
10.3661
10.3638
10.3636
10.3651
10.3649
10.3685
10.3703
10.376
10.3758
10.3767
10.3774
10.377
10.3817
10.3832
10.3826
10.3796
10.3764
10.3705
10.3712
10.3689
10.3662
10.3676
10.3734
10.3706
10.3745
10.3776
10.3776
10.381
10.3807
10.3813
10.3778
10.3777
10.3779
10.3785
10.3832
10.3838
10.379
10.3764
10.3793
10.3799
10.3786
10.3792
10.3846
10.3877
10.3874
10.3864
10.388
10.3861
10.3859
10.3911
10.3908
10.3885
10.3888
10.3892
10.3896
10.3907
10.3894
10.3897
10.3896
10.386
10.3784
10.3698
10.3661
10.3705
10.3754
10.3856
10.3931
10.3895
10.3692
10.3543
10.3469
10.3424
10.3317
10.319
10.3154
10.3275
10.3248
10.3309
10.3246
10.3235
10.3007
10.312
10.3112
10.3039
10.3153
10.3023
10.2924
10.306
10.3104
10.3241
10.3333
10.334
10.3386
10.3334
10.3249
10.3296
10.3358
10.3386
10.3407
10.3435
10.3464
10.3487
10.3533
10.3573
10.3612
10.3651
10.3654
10.3676
10.3699
10.371
10.3689
10.3707
10.3738
10.3786
10.3785
10.3777
10.3796
10.3793
10.3747
10.3705
10.3703
10.3694
10.3723
10.372
10.3736
10.3773
10.3805
10.3721
10.3657
10.3634
10.3599
10.3674
10.3678
10.3706
10.3785
10.3815
10.3862
10.3841
10.3802
10.3794
10.3816
10.3799
10.3809
10.3806
10.3792
10.3783
10.3781
10.3798
10.3816
10.3834
10.3829
10.385
10.3898
10.389
10.3864
10.3821
10.3825
10.3831
10.3892
10.386
10.3885
10.3848
10.386
10.3862
10.387
10.3903
10.3889
10.3885
10.3893
10.3876
10.3881
10.3905
10.3896
10.3865
10.386
10.3891
10.3928
10.3896
